#n c cn p  u a0 a1 a2 a3 a4 a5 a6 a7 x e m s sD sT eD eT iE oE pE
n 0 0005933ABA0000000000000000000000 0 1  1  2 0 0 0 0 0 0 0 0 0  0 0 0 0 0 0 0 1
n 0 01706401B10000000000000000000000 0 2  1  2 0 0 0 0 0 0 0 0 0  0 0 0 0 0 0 0 1
n 0 0018861FF90000000000000000000000 0 13  1  2 0 0 0 0 0 0 0 0 0  0 0 0 0 0 0 0 1
n 0 01106403FB0000000000000000000000 0 19  1  2 0 0 0 0 0 0 0 0 0  0 0 0 0 0 0 0 1
n 0 01406401AA0000000000000000000000 0 22  1  2 0 0 0 0 0 0 0 0 0  0 0 0 0 0 0 0 1
n 0 01A64013000000000000000000000000 0 23  1  2 0 0 0 0 0 0 0 0 0  0 0 0 0 0 0 0 1
n 0 01006403FA0000000000000000000000 0 24  1  2 0 0 0 0 0 0 0 0 0  0 0 0 0 0 0 0 1
n 0 01006403F90000000000000000000000 0 25  1  2 0 0 0 0 0 0 0 0 0  0 0 0 0 0 0 0 1
n 0 01506401AB0000000000000000000000 0 26  1  2 0 0 0 0 0 0 0 0 0  0 0 0 0 0 0 0 1
n 0 01106403FE0000000000000000000000 0 27  1  2 0 0 0 0 0 0 0 0 0  0 0 0 0 0 0 0 1
n 0 01A64A01000000000000000000000000 0 29  1  2 0 0 0 0 0 0 0 0 0  0 0 0 0 0 0 0 1
n 0 01106403F70000000000000000000000 0 30  1  2 0 0 0 0 0 0 0 0 0  0 0 0 0 0 0 0 1
n 0 01006403F60000000000000000000000 0 31  1  2 0 0 0 0 0 0 0 0 0  0 0 0 0 0 0 0 1
n 0 01006403F50000000000000000000000 0 32  1  2 0 0 0 0 0 0 0 0 0  0 0 0 0 0 0 0 1
n 0 01106403F40000000000000000000000 0 33  1  2 0 0 0 0 0 0 0 0 0  0 0 0 0 0 0 0 1
n 0 01A68FEA000000000000000000000000 0 34  1  2 0 0 0 0 0 0 0 0 0  0 0 0 0 0 0 0 1
n 0 0005933AB90000000000000000000000 0 38  1  2 0 0 0 0 0 0 0 0 0  0 0 0 0 0 0 0 1
